Webots Project File version R2019b
perspectives: 000000ff00000000fd0000000300000000000002690000040afc0100000001fb0000001a0044006f00630075006d0065006e0074006100740069006f006e02000000590000002e000006830000040a00000001000003b200000336fc0200000001fb0000001400540065007800740045006400690074006f00720000000000000003360000003c00ffffff000000030000073f00000070fc0100000001fb0000000e0043006f006e0073006f006c006501000000000000073f0000005400ffffff0000073f0000039400000001000000020000000100000008fc00000000
simulationViewPerspectives: 000000ff000000010000000200000118000006210100000006010000000100
sceneTreePerspectives: 000000ff0000000100000002000000c0000000fc0100000006010000000200
maximizedDockId: -1
centralWidgetVisible: 1
selectionDisabled: 0
viewpointLocked: 0
orthographicViewHeight: 1
textFiles: 0 "../../../../../../usr/local/webots/projects/objects/robotstadium/protos/RobotstadiumSoccerField.proto"
renderingDevicePerspectives: redrobot:Camera;1;0.495313;0.00272029;0
renderingDevicePerspectives: bluerobot:Camera;1;0.464063;0.574779;0
renderingDevicePerspectives: RedRobot:Camera;1;0.4625;0;0
renderingDevicePerspectives: BlueRobot:Camera;1;0.61875;0;0
